$ANSIBLE_VAULT;1.1;AES256
64626530346366613637663430633239386432323561633930336638623962626335633937663734
3432373662613137373161643761623238346664616164660a383733646264636432306561313835
34313637393034663937623834613437363936393163336664346262303335356464356538316164
3561643132666532300a333761396232623137346637323761326239346161396536393635343434
34363438616565656262636464306464386531366438313837623037633861386133653766633861
33623036363039623332316634663636393033306464333734326133653838313131623465663565
34313061333539623838393062316665333066356461303739623466366566366663396461306631
31303336353330333264306333313932336332303361313130383836313065313966663933663930
36613462393232386463653763386235656430663763613134316333636134343130636461626438
38383436616230646538633933353664363163336530333135373931616231353731376462346466
61626261363533386463613130386436323232373633623465326536363932356234333862386431
32343831646463613038643337303539643936666636306465646133326333346330326533663137
36353530316166396438616230393661643265333063643931386363633462343030353133646431
33396538376161373763366136613564613733343066393337393430366535656436313739323234
34616335636133663931363362613766663265663131386633376564333164396563363933666331
63393263613037633837626632396363306638626463643830653232663265366631616566666334
63343331306635306363363536373832633031666461316431303966363662636633356435303536
35373264633466353139303930656161353763656338616639313930333865336564663938326535
36623361656462336463326465383738666234336134616330376565613236383862663537636166
36666537373834623230356334656563316366636435333133363663656364616336666666316639
38346266323237346432306161323036636531333565376136326133313234353336396363636638
63346466353066343537386166393837633930356562643866353734303539306364353637336266
64306536623961353434643963633165663264643265636136343963396333393231366437393333
66383564613836633832346461356633373730323166653136306134313465613534353639343833
64663636313762363965386235303438343161313431646138303735633631303764633662646336
62356232313461396139663936313761643836636564326633633666326539366261653662613534
36623734633430306365313737643965363536613638333431643362386536396363343331386630
37386438336137633738666432643532336161343538393330653036343138613363383137383862
33636437306631643134306535376164613339376663376564336136303237376334363630316334
37356333386233363132626437346362656637376633656161333638626638376564346162636637
38363535616463613437636437633136663166333138623833303035373464646135653137386663
34633033303536306563383031383434643161656435316366653065636231393336643565323131
65306437393339643036376231663732613936613661336632623661373830633235666663623030
31373630336631326238386162626263313930343561353536366638663037343466333536326261
32393137343139633832643066333330643561636432643634623433313262653133373030613632
31616233333830393633333136633439613866623837643665666439663737643761323564636236
39666563313863383331643736633030616335353166343064373731376163663433616437633737
37663239363531393366356131653335323139666636363631636166613030303962353265663435
63626130343231623265353038343064326339656466323236316564613464303965383039373732
30363432633036303837663338643432383638356236636230383961323732393962316638383337
34663031376233386162363231663865656538626564663364383063653239333833306139643736
65646537363839653938353662306662313934383930663632323232666363633466383830663366
34363662326137353935346633393338326537316666626662366463383932643935636633313163
62383634313336633231663562373431366438393961326666656634653565623335626465303066
66363839646338643066616364323432386138306535316437393262353966373433336234366162
34336131653633323466663565666537333063643366386230643932366437646165623634333438
33626663316536383961353333666562663238353665623164363538383232306664393833376263
33633234393935366230306535613263323239663836363166326336333563363438373362323433
63336636366264303661313133663266303731396430303530363361643766363830663736616461
33663863373362363136346461326465663635393538396264636365623637323736353434616332
30386434346664303634646631636138663534323639653534626134356138323435336537396333
32373261366631313265633266383630373365336131633830656539376130333433396334646336
34393636646162313835623934363939616361643865353862393164633036613762613230343736
61356466393438373566656638353065623433373837396539663763313565303030646631623033
31363131613162663538643664306334376566376333313038383632333165346336666437363534
38346131353730326563346330363438356339356339333064303339383265633835316435373236
36336332353136306335613333323534633139623063326639366162666430663763393537653632
30373235303739383261663034386336383563353833336237626435336431616265616438666263
31353539316131336336363936333932643132653933326339346265643266363133366634306434
39663835643931323763386531366631653934343263623362356334656265666461653231393137
66323633323766323462613738663765346133303764333437383030343634646337633130303161
62316535643630303430653465376434623663343961363237643138346263313437333133363836
34663465616465333233386537336166376266323263343666373137666265643838633538646137
35633164303130613537623032383462353633653938323930666235313063383839376333326239
64303132623930663839326231353661623537623935646364333834313035386438363364356433
33373939616431326634353166366439323764323230666461646235373864303436326636323462
37613764613636306638393936383466363036383733636437633139643833626535653532333034
36373033306531343065356665666262616537346130303861336364636463616561383235346434
32323732343332353735646163386433363861383763653038363431656466363739623231353832
38363965313666303034326332376233633431356236616661353938393366363130306132623535
36396437666130363661616133633939636263323739323363613932353265346538663139653061
65336436353134653934396363646364373530326637313664333738336562376361383837663063
38623835663361353634303330353562393038366637373733343339376263396539616263623266
66346339623938383439613639636261343661386362386465353535613738623564376462336133
63333533393830613261353134643431663066303539333933643463353636303161373638386430
64623138386234363239333462653133353436363362383633663138393866633636356564626430
63303531323939363937333237336633373939616661633739346235326438383431356139383266
37383730326139356332353465353965386333653033643631623938643662363435363234366637
31643634653939393534323039633237643766333630306233666466636364636336343965353530
64336632656635623537306265656365643930356566306633393663666533636539363566383162
64316530626133633637633136373134343537613662646466646530633263346635313430653435
37356233303033616665393638666237613064616334656137353866643462333233656339626436
35626337636535366564396130656238363533633731373532633238623234346466643239336633
34666566366432393065316132326262303062376632663464663439393964623561396339306238
38343530383463346631616135313565653437366538323364666235306365303536613936336333
30633839346539386661396237643439326437643030363633323432653363653062336534653233
65646331636661623261366333313664363737313866396631613035373362393039336265663563
66353637643537396138373965663334393063653063393063663736383330376164613561633030
33303562306338333737353631623965336334646231383366353933323862616466386235393764
33383562633137613061326137633537376663346135323937343832373663653837323139393135
32626464616665376333633238383766333937356430636565633232393936613336633137303537
65636665656131366235636136366637643137636564336432623063333431613063353061663161
38643130643333373939386333353331323730386439316332383234643066663166353866656636
36633036316435383531393533356564363964383462623665373230616239323362616635393837
34363066333935366162646664623435323437303134333237376537346339373633373363666437
38663564666163623162393664306235316336346533646134646332643033666136386532353132
62656166646139386566663238356634656665336338616231363936316665356639323839386538
38623639373763373336623264393232656664663564633066333134616262326432326632613230
31326137633031313861613230313137656566646163333337393437353766616461366564653361
36333161643133663233383466363536386332393834353965636436303933303465643865343438
63343261313365643436373132313830343035383165363232313538326363623430396162613133
65306532623336656331623065633466646330663666396434396631653964326339383266613235
39353765336361393738646665323538326531366334366631353131326536333539653033616162
38636365353837626336626131633036313936643439666532633832333761633233383837636366
30326162646636613133376666616231326133363161363863326138386563366634613363656534
65383137393437333234326237386131643434653661356466366164353761643035626263646462
37333934333036326334333861616135656533363032633461393366376533633064636365616533
61363434363332313734366137346162366338376435363235306364353830613461663230313964
65323535613432643865333463326232396430336135393531373131626237633130653061626537
61333362626565303432663033306665646533633333326135643130323535313338313039633962
34613866363339623039613934626161366437326639323432306136616438633966333232653739
61353261643335613838306563323262356232386362356339396233663639646132353231666230
30306333343866393030626664313263376430326132613265343731386138643163626662616233
65343537353939376338346333353661353939366232366162386564323632313662613763663030
66623838386430313264326435333964646230386338333735333861653563646633373032623233
65316537393531363938393231353066613261613335663334313737633330316435653133646462
39313537623636646563323632653735663063633334643031623566633338363734613765613861
34633361353138616136343430346361333731373637646462666532303062386630633937373866
39663665363138386165396235383364333134343665613861333032613039356138633739623663
66643031303834386361653565643165616539333536643366646337316537346666346636643436
62376462656265363261363632356562643130383838643335613838306531393466363634656566
33373632333165353035643736336165386237353636323664363364653061323966643739316332
32626139326263323562616536666137313235623332646637343735633939643462643135646332
66356466363637383063376633363564613038376236323831336632643434393762366265326134
65343764396431396463636662326562366262303865353832323161633362393764653664346663
36626439386339313665313839376530373863386534656564636135366331633234386363663062
65643834623536326562373633663866383362666438613230376332656266643863653432336137
62326666663761346638353139386664376432396462643766373463633335356235623536626366
38383566366231376637613065383033313435356431626236396133313263383135373434343361
30613537343036383637623831393835663730636132393162336136326239663834623161643665
30323834353938383663376431363331323439323334613066653338353736303762373765313766
31636138613563343538393236623966366133393233326237376639353864663537393636656666
64393635613464636330343738373162386239363733326262343938373434313536663738633164
37643362326132646664303764386334643238346630646633343166623638643165656261376434
30373239393730333532666439396238393766393231356332396361336539643134633239386265
35326330323639623930636439623030613336336137386565623664656166653839633064343431
63313666343532336663323765616562393333323835363037343530343133643861306231313666
61336434336435326230346131303839643262653863333062646464333439393863326536336432
39363337613532616534383838306462636365383934643563636265376332646166336362383938
62303933633433626161326339303761386334633439303131363737333030653435396464663963
38653135383036343937353361353164326564373537656163386139366433346666353263396165
33666434393131376133623964343435323832346534666461313836383935623430313662633563
64353866343039616138663134333031323331363038323136343265343738633464666632663633
66663431356631363332343235616463376365656464663064623465333930653335623562663438
34613535613231333030666132613739663731343364633737353036316234373663636431313131
34376132666430363832363865393364386139623531633639643234313537386531646439363665
39313236363565356263613162366339663738323464633639383462306162373932343138656438
36336462396565336437396135353364656232623566613938303235376434653232636365616661
32636631616364626639343664636230366637623439323435626235666566343633633365343162
32396161633134346133376364626664663035323361353437323362343866383065323138376665
34303237363839313365656334656661366365653562326434633834316364653032316165623266
30343733613132653539363063346334363039313735623962623461663561646635663561363661
38663533313766363762396466313537646662393936373431383833363238656661333635333366
34393138343030636266373764396331383430313237663634353236373435363765326336353435
39623030663137353337323130326633383138363066346464323937313863376562623539653236
32366434646464356534356563303466623031306366643435366634613165363035313763376131
66303534356564386337363733336236396438663135313034656630393233303834386430626535
35666561366165613063323431323330643930653763656362663832353435373636303766356439
30643665303732306536343731643338303062303934613464313735626464363734353265346631
33363937366332636336383738346465313762393661313534363430303433346637626532666166
63613264366366356465323930396133303637623463386435306439393635396261326431313466
62303935373034303932383938373234363265623332393035373139373634363632316562303238
38653864343935353931323764626564306531316530323362623539613034326164643664373363
33613636383135373963343432633461303737356630653065626264373432373462356137656130
32396664356664666337663734333466623166316234363262393733613062366664343838626366
31313130653932393633643432646533663039336437663432356633383562363538336135336536
31663738636665653131383037353164373032346539366632613561323337386365336265633032
34663438393165643732656238303466623363616363656664623766303631643837616531353738
64656434363135333563663236316434313738346661326636656165666631396462343931353264
61343938386134306430353736303464326632376361326661326664643737633665326264613339
66633237373965343933643437396339323730643136626637636130383266326533383437333933
65636162333566313135623437333036326264363261393933353036623539393439353830303663
33306133336337643366356638326464356536396565383364343133383465323666
