$ANSIBLE_VAULT;1.1;AES256
65343463633231613631653339613830636430376239386236643632383766346137323866343566
6237376165643236323632666366613565623461643236610a333466386239643936643633386333
33343466356366623963396166346162356138353639303837626539646265663138333763353737
6663303533626664320a353334653235303635376466626437623965393834633635346364383132
32376131633162626131666634396432666434653934376339383837623963303762366430666665
66366262376566633864333737383965393239353334633262326265343437386365346661373761
31393832633162343963616563613838346361316366316664303834343363333139383732623066
32353936643331323438663566613065363733616164663864626236613162376561383663393638
64353238663336653762393839633231396336666161366633666362303936363166633633393561
36616130336664613262333865313836323535353335653562383431666266613961363934613964
37393731663164383633656338333735393837316432643237346533623030313063313261636232
32396664656130316138363235643266656362656461626261326334313234386661636263393866
64616566326339636666386536346334306134393234393736373365353266386631316333656236
31313535373733646366313061383538656664626632386434636265316337623631373161383637
35323638383537353066363932343630373033333032356136393835393439356462343638313830
63616336393966353031326366386638666539383039633064303237633935353531303037656661
39633831393833336136393130623831373934313261663039336564333265636538336666633936
63366463653234323438666338363365663662616536663635656631646135616638633934363132
37303663663534666632653938623931623466633961616330636137316139353232363861383334
36373164373865656238326661616433306133386262623634393432653833326235343137363835
38313333656261393633363434636537336531356166306136633336343066333736666332313733
66323763323439666239303239626164326163343739393366383833663463626334363930336634
63316161383766633332616338343134333236353261396637323864356339323638323232623062
62396231303536663038373437373862326434643635623034323462643063326335366330313030
63656161616534396431306338323837383534306531663462616463326430356537623338316465
33666636623063356463396334366663393238636266363039623035623364393465653465613031
66383439613331313030616332666262396235393634393737326236643437393463633264613131
34303665363664656561313736666664616263663938633639663130626333313861633038343065
38386139366432336166363732333062656465333336633066376164653233346262646133386431
31656334643438643430613636313739616334636664366132643234666438316535643565356535
38386164323636323261393538653662353638336630373561653930326665323631363332363739
39613761643532313138373839363264643464353566653131633663646237343936376162626137
63633666643533346638663161313034383065633234366263653134346431656539303662363835
64666565303237646166356338343937333538646135643130333434393931643864393866636433
32356335333763373931613838356466303939356439626233366162636136336430663536323361
64373638613438353661363130613632646632303333366137346365613631646162316437356132
37376565633239323164663865613433346333396566323736643433336231396430343734383039
39353731366435646364366137623366323434623130643133666537663362633036353636383763
30316263653237333732666237613530396266316533363333356635396234346230353563653134
38663064623966353533383963393164383365653763616131343336653036616231393664643862
62396632616564616565313664313264356638373962346263623134326337663433373938343863
33346631636632326332633232353564386434343132323039623031326663623933363136623061
35663537666635346561613032663038613136323039333137366439613263626335636162373932
61356362336264303435353933313936646435323034343862626235666530393763333366336165
37396636366633363664306137346461633162666561326235616135343564303636323639336464
66663863393363386334623665396234363536386335646433383933316136366666356365613233
37303335346166663834313063376664343430373536356532643839623835356530366437353535
37386530366635663239323964616132366633396662303131653530353232326333393466613439
37326533373232313937353933373633353761633131626230646531356232613038396135636364
37363032316363343030636266316266336362396365366238373766613639383131393064386535
32363835376634316666316361376264616238336464313663313763306661326461353963323962
64633239653232313763646465653239323137386237636430363661396434343336383533396339
39306436613761326235366530393461303530303762303764656338666261376266633830666430
64316566613036346536653062653137316139626432363763616534663862653061313965643264
64613237393465313163613937613037313963373562656365653631626439623962366539353861
30633532616630363639366365626665376332653363316463353333653834396662306461366238
33396532643163326562613763326232626165616533383435643262616234326336636332386531
37646665623237363666663134666363623261663365616136386463623861653038633238393661
61353232666462363765336635336635616562636364353464643366303937633364373933666130
63636265653864613337623761646531643233383738373834313163323261323237386161616635
65373461336564623035353664336439346462303533653163336438653333393161333532313830
39303735373938373131336534326433303930366333636539313532316137393264373765323366
64333830353761366266333338313431376438653838303763316361643830633939336364633037
37306236653861366538363138376436353232303331383230376464303138333361636264633163
33613535626236313765393539316662316565366563336137643665373630316434653231313539
31343432626633653864323637313762333330663937643935343062386431316233636439363438
65616264626237366264623230653166383863326339386133653166316239666361613236343565
66343162663436336233613830313333656537623862366433643530633632323166666335636464
39663361323232333932363533623339366330323461643933333766616130326235636433313764
33656564633436336164656538383130383732336238636537346565393236633434613863313430
31613538363739336438626539626336643564336566663165313039666134326365373232666431
62323233393264626262623135633136316234316363323236616664353265386662613933633562
38373033656532613837343965636231353562633539633635306162363232323838333932373731
33303531336661353931396533316639343636303839393637356164646362393038346361313638
31363766383830346139326132356634636634313638383535313332333361626265376164623164
32663631363838303838643337383735396232366131396636353839383834343965333435373061
37346266383039353266316331653030303330623135336233373235303230643264646331643235
36333866326264613661653632663664343835393434386135303034363636633633633033663535
63366164663561663763616661306562623766653530363134306532363863323930373565326434
65373435333666353438336634613762336362643938393339353731316139373766373539306533
66383066346336346166363439626139343035613437363565613531623134333334643865313563
34346334626639303266623437616563633863353732666161373432363335663533613639383466
64336138623365346333333062323862303637336431343732623236646165306235316266343433
34386334343539303562623233396565383035363530306264623137343731356234386166376333
35333865326431616438336639356464663436656436353131316538636165306564386336303838
66653538316637346166306162333363333531326336643863663734323763653661336164666261
62333264373365383464383037343666656161313262363338616564386466316132316433633130
34356665646639396561653161633637643564616139643037663864333336376233366633323163
38666266316437653831343562626262663039353833643532393465623633666632356631383833
62616362396539623864323532353933333534393965306639313565366434616161333165633336
32306135313137613166323564343239376334663736333164336664383764643265626135316136
33343765333032626433373639623033313663623338383631326235303336633066323930316163
30366639343361323934663636623966643063653436353835613263643539663862646137613861
33623565366163666366646535623432393164613539653865356661316430343061373635633236
35633161336239366565376163646361346234653164333635373130336633326339343839633338
35346635396339626131366630623464653635303330613838353439643062313132363332333666
30346165323134363436303532376532383533643238306132646135353862666666313332336231
62363238613434306239333835373461323132613439373435333964353165623261613964333964
35666230373731656431613138353136346465656165393666666333623631363866383162366662
32313361653339613063643665626237396332643136363838646235363231383861383934366232
37633466663438313236666362363439373266643766366566356138346135343163316565623061
32343839623638393039386437633739313131633635363863633162383766386630613438343030
36353335313266363437306563623536383665646138323561653732633361373662643366633732
36666438316339393834646461666530636163646632666262663465656662636434343236366334
38653434333039303233616563636262373035353035393531333062306139373762356336613230
32336466646631303331663536376261366464653030373634353962373036646631653339336365
36663731383363393037383634333133326463653133316430636331383330313563356438633737
39343536616632313034643631386436663534316663313562636463316564616130306330346361
63346136633266656433343530636636663862613937613330393939376334343836356338646335
30383239363662666630633962356333306231626534626236326435616238623634303333393963
33666266306332616236363637633665323437373161636466653333393262393461373661666537
65313532613737396664396638363035306365383737626639393831396237356466646239313239
30343231376236376338393731623366313738663535613562373635626633313832623136373563
30653130666662623136393364326532653239346232303834396364316432396165626535623631
38353136333938353737636335613561393563313465643237326631613732613730653735666139
62313063646532366535336261333239643164663966646638393264306630326230626539373665
64316637316562663462396430353164376432346261636466653063396430623531643530346266
63613434613334316235336462373335373834386566373834346236386631393765616431643062
31663739346531363339326636306266633432653833343532653463623739326161613961323336
61363236363730393863306539306632326335356231623234626665663033383639373530363535
31333636643661376130653236306132633330316364373035633638666364396261656662623833
34363931343833643533643436393463646237643163636563373334366537356231343236353232
66323332623666386234623233623731363335643435623565353735323333333162346534333838
39323736336539623933346433636433356238396134613864376334666634633932653034313437
32633664613132326563326537373761383339313633363164343461623739356664623435633766
63336635383935316461333466656164313331313761343433646131613333623566346338343666
35656639383665356162656133643735323361653333636536316238333539306361626634636462
33356633653532313938363166353762626636626639386339653433626233393335383366316438
30396165613032363462636339663435643435666337393063336431623063653635623861316563
31643237393665343235383863373833303530373639353663343438396532316666343139366264
32643535353965313036303165306131323633313634643961636231633337616337613630626232
37343166343866616264376564393061633833356433366639373138343862663838313037386265
39313834646565383361366336313165373866313835633335633963663665353637343334623561
34616535383666303765666364393732666539313530636436366437323834356339316134366538
35643265303439633666363461656264373037393539646561303663333034353231346164363336
36326436623663613237376462646533386465623337626364366430643461366635323663306531
30643864306666343864626363343535306337363639343361313136353834396134353937393838
34613264393362383832643263373463326132653637343736613335303639383439303766626134
30366330613632353033663566376131393735653964666362353663336431313338666236366161
31623435653738333139646238356132333037376465383336616665653532313530616331666464
61326134316235383832373466653965396366653563383736336138383236386336386361663631
31313863353833643962663565396137653266323363393234663836323166353130316436613861
65393939313639356137613830616331356132623366613864396663343061333730346230663037
61643165353636653833346231373934383162623437303835313238663939373165383736383366
31376538306632616239376466393762306365616635626536373165353866613839383038353866
30323934363635393165326436393638376134383332623337633161323437316233323136353461
62666562633437663635353135373335383934383532383839316363646262656665386163393861
66353036313863616165333734303365386130653566363738666230396462393338326232623164
38366361393833646131623363386661313935666262353464343666313861646236363366326666
33656437383330383130323332353864333830376133333134306665616637313263303766396233
35326436303465623962663537336238353536356435346134333966623638326333356366316661
64633638343439616565386665643664306631333832376233643632343738343762303931306164
33336436343633393063663033666636306536373531643264356138356139343339356566633033
32643165386263643365643932343864636364643636306230323937326661633061386139343361
36653736353961636239396239623833393762316463326164346635633861303536633539346136
62663166346335633464376535333433333435633766633261653332383465393935386365643632
31363537393635326135333961663339363833663662623037613061303433643632613938656162
65656363303865363563363233373436373261373364623033336362303638643765656161303261
31343430633463663633633432663661303365623839386239333434613038386463646665393931
39323233663439343939343639383233613939353162343835313337343238346536633535363338
37653731636362343430336336646635623465663063303734386437396266383766336561343530
30366339306561353961643565386262393731366264383233393737653536383933346230333631
37626662613830353963396538653336653038613838366161613530383361626262646633313861
30383936336661313338663664623336386265313166633239393364386362613264386331326135
37646332633536386666623534353434623836346435643662653533393634653665653033386539
34333965646464393733373438356362636165643139353938333834333165386461323534323835
33366664346130363137313339346266376163643661613936633632373566356431386133663261
35373832396261656636336439373164346132616232393439663634316262623435306165323366
63386333376638663965366663373561646263343834363238623433333565383439616631643663
31616134373236316164623931303562336534376362326561353538383166623335623837313562
37373363626635623666633831383436303631623837623638663863623566393762336366346236
62336433326664663930313766333437646539643561646330326534656365386163393732346334
32363961343237613139373262663130653564666263343066396265313934636166
