$ANSIBLE_VAULT;1.1;AES256
37346233306534313365356134343762303036303939646337653535666237346165373938376431
3134313336653636353939653538393531616430353735390a346534356664653432353935363734
31303063653834313966633630366462643130643563316338633265353137653935363930356563
3436613135663663340a613332653135363639626432316365326430323764323438306631363564
65623733313565393233666334363030383761653164363435623666396365623462613739663330
39363437356261656165633433323633306139363739383139653938343865636262303463613130
36346161363136633732343765383831313662626436353533323032336538643732383537643265
66633661646262336265376531313037633736663133656235316136333863363062633137346263
66646661376233336433313435313039616231666133393835316239313737373038616435373930
63623137323230323365663738613464353637356638346434323163373436613835326633623635
39353233396334623033653735356363376565363565643963636564373432333031616139346461
33386636346234373933303138303764396461616664393136343339313165666334656333396565
38323662376534623364386266636663613732383466643764343762636637616138333136653166
35376139613366653664343837306239383437633436663566636233616631343639396534323730
64343532623062326264316365333433646336623437356339663939343034633330613531376261
31326536653464623839353763376330353039626566366430343631373835316262363463653561
34316366343965643766663239323766363033616362363961323430353038623039613130626465
66656161666266336365356138616265393939643630653933626139376339623562653230643734
30306633376263626434646463303134383036386232393835636266303633313937323936613836
66333562303437343635613766373062623634623832653662623630393935653537643330356339
35343937386332653237323961316530663264366137393762633666663965393333396565323434
32393537626438383338386633313561323330343563643161393130383934363436393561323933
66376366356237353563643234373336383362353631343731303163626135343464626234356333
64303461313265383032313237623763373638343862343231393531336131343733623961306265
63356632643163633634363736386164666562343431353735383533313266386432316261376533
64666238363330636363323936373735646530323237316264646632613330343963636363346535
32653639653431383433306537623230383463313662393634616535623364393632373238366233
64316533626237316334336635343634333166633939333465613034613437363736313035646637
34373665623831323466306233646633343162613365383966663665356664626333346561346166
34373135303936313430323436623839653162636166326562393062363439396239636231366138
37393764613464303537323038303632613534396663613531373737343461336631643466386334
36363363623333626563306362643335616164306438333062653331303363366163313361306331
30626261363733393638653333393764653963623236303739633137303630383233323538633562
61333536313035386662333261353265303637333236343336393034363230316664313265323062
37643236663264643364613639386465643663643363373339663037393537303166363431656531
33666239336362323030306134383335353838346661656632633634323933306339353562386164
38363038313664346363346635643562643963326635646331643336323763306336313331343030
39316238646138383363303833346637633439346664613561396535663039666665313235323333
35643731633664386537653737326434386435386463663961656566353166643234383631333663
63333036313535356639333834613232363563303036393262313739666364336261643932316666
62333166343062613234313163663364393865303536323139633730353665383338303634306536
62316461386633313830626561653963356433356637396632306461326534626539303661316263
66373961346232326434616232396339643838363638303334373235343836623663373331306564
32316239323237303035366536616334363939373561626533633064326661656364383239383462
65643938366234643666343861363163636131336538346137636633663635323464633639376233
63313735373438656430323830663130646365633336393132626431393165626235383035383639
34383437663836653264333233386237646338666234666539313437333033366533303762636364
66356639363061343265633032393264656537616132353934346136316263363137663136313761
64386564653635636463396538396531656636353062626638623334326465313136346537383165
63633739393230333237633133626366343439633937663466313036316233346261643762353830
34653030613662633833393062366436306437643165643464333062393662666633383438623966
61306561326233363530653466323465393532643534336162633165616536663963613962363236
62303863323138623239623230386164353431356335316632383664326538363461363830363031
39356631383164353635313431653262373265626136343063616634363536393434313832393630
35383766623434396433663737616539346530356632663133633734643964393639376237663034
31636238306139663336393362653265633663353061616338303965313038663636633563373634
65393230626461346663386165646637666536653738323364353663333863353664353161313362
31366561623330316161616563643934393531643233393132386538663332303762313730306131
32616365623366616530386339363437353231623262663430663239633662353366646534383161
65316664303236386165653938656239353464346635373231386538653563653965633861346562
32343431636337383433353661373433343163663832336232333735643833613931623533646664
33363737363130383632306263643064613961316438623131336430353035386362633732616133
31386464626632383134646232343663633561303630396635346662303064613433646564633564
34343438666664313666323938356631363436313566373264623061663065353330663237343836
33666361653834323235626637396335303066646236613937663863333633623339353965323434
64616664633166393837666139643932326464643466653665326234386331356266663735633138
39643137646239383630363232326436613966363636333965356139373562393835313664363966
64313063623761616465643838323038653163396465643061306530346634346539326133646539
31353836306430333662376630656535653133616637616230326335323732353738393131393839
62303531663562343463356239396435633663646236623534643164363766343266356430626439
62373466363733663030333339336538626165353931336463306437326538643232393734353232
64666539313832373037366666346561633562353230343965643162336361643838376361626139
39616530663332336563613465643234623437303661376530323830383263646137633164646464
36326639626336303139333536343238626466373566383366353663346537376238646563396664
30643638303662333839633130303465643164343936656664366166616663626464323132613063
31343836643663666461386539383165353630396366366332633232373839393634663838343839
34366630366438663836303137373864356235346633363762363131396637316330393636343331
33393562383636626431333566306536333166643838653136343266663864623131626566643236
36333361633530353931666434316234663535353364313566663835383031373138386566653134
61383134346339333637313233313733363734363266633264663237636664623132373139306336
34376365373065343364376338633531353237343235396638346563303539373661346532386630
64393165363630313232383463386439616537313538646266333263386434306437396265646231
34323131303534396631343436306232326465396537653264336439373566663664666636636435
30653764303339366365343661303834326133313664306361666164613362663661356431353566
30663535636433376535323238633039386333636665313431313430363436633363396134623637
62653234326336393933313133343333303030653165353362353935306636626137616338333363
61623066353337663365306266386636373038316231353131336130626161316338636633313833
31313835353432646563613633373863626262353864366638373839343634303334633033396462
35303231383662333331393433306261376138623830363737303161343637323364666165353062
37396164393638373336346565643531393039643333386334636135366161383930343363343962
61353634343466343061383734633230343633333132323239616635633261633465313666386234
39343336343831653865393566373030313235396638666664303361353239363034626432316335
32383665626331646565336665323732383535363236653966613434643839386437336137346165
31643965666264656231336262343337303566623163356465346262373935633261666161636137
32313364303666663636303533393832313565643339653431373339633639656265343866346163
36373863623930366335346531643631316632653537393636306231373862383435643561383534
36353865373964643166666537376234656239356239663665653665323565303732393165323165
35663034323865623434663736623830656534333163313261633432343632616366366431303437
32323161376164383335336633656633626265663537653837383166333963643531373264303632
62353039303065616631646164663031353837313638383830393666346534343331336534393132
33326637346566653736656635333737326236363336373061373862656662323761393530326563
31346135373638656332613732656566376362393964356535373337313337323665376362336664
64373436373536336237663335346339306261666465376533393131643530633436353239353664
32616663393861356137653930663431346331366166643163653561316363646265343038663231
37643230316138636638383838633730343034633761633439396139643035633262336536323538
62643533343935383436323264616534643432363534636133653364633261656262663232336264
62396364323434316664653935313966626635313162306366346535666336373637383439646639
34376132336237363661303330373063326634613238323435323532326562626335393164656133
30336166643532363062653562656263316532653537626332616431356330306533336661383238
66346363353033306264663866653362316238373934323739343437636338663761323264393366
63633231376561633638653432656262616366626336623933316632353332396432643733316635
64316236303438353039663833313161393435613135373965353831343633303338333131363562
37373831663931663439373430366137303734316137316262623835353063313130653237663734
36653132336536333439313766386565333865343364306437653334626162306265346464303534
66396338316463636566623638316565346461373931653833633034353633633530376130366436
61386266636634663062316662353163636462623465306430313039306363396630373237393366
38663561326438386634623930353562306633386633396331626437393433633861396534373361
31356538653564653064326461376361363238306535383632363536663532613561376263653331
38383263643730373561616139306561386664646366363166356432623931336534643233353532
33613938623763393733626665663263663030633937393332383764393664653161616233393663
37333938633764393734373932646263336435356235353261666136346262613537623563333338
62386235353930636130346135333466323862313462643062613732666161663635363338636530
33643430663463363361626561396334643865346563363631386138366166646333396235306233
31313537343530306561366230393230393038626438393462393938376530356436633839306566
33323132383665656332646235623663636231373639313264326530643934613763343931633139
33336234353339636336346630366262643965366631333565343136623138663966323236396431
62306464323866393461353365393966643266623730323032646664393933666565353639643465
65306131633039316264343564633838346430343164666232363162373039636265653839333239
36623633333330353038346238626231366635626635633963336238313437303231396334336431
32323537336238303862333035323330623765313839316633386461313865326133383762343332
33356432396231303366653363383864626339653534303535633963633336383239353765663838
64383363353635303163633738306330343535383861633034306538623861336566636136383265
62363930316331326264316631643636356235656461323962316636323039313764316362303337
65346664393062333463343066333034316131316234653235626237306430636566333834663337
38643762363464326664306230383234623034376163313930396366666263373066346561383234
34323231343639336566323462623636646231303433306164613137323238353661336562373463
63643965666535616534343032383731653939393336323439303566373363353631343765326564
65313661373365636233663566396435313337636566646366353432386266326466393362393339
62303061303266653162393866353935353764643338323261636630326561393438353865303731
66653936636463633430316166383330366632333663373832373336373663653938646633356436
63616262343938636532323264656634633266376633383366323431643166623036373832313236
36303432366438376132636639663332366231343334656633326232623333613139373631306466
61666237393030376463313330623838333237333033336366653935346466376331663832306335
65636633306238356338336137306332326334323131613039623732633635346561303263666234
34373238353336653134393432623930663632616665643732623838613438346563343436326363
37303238356530666431623135396266633231383238633561323334353530376233646430313237
61613864333038393863393462633232313462363861626532386262393738363166626237313131
64613235386637323436653839633266393735343162663138663963643939313864613335636534
61626162383534366663393438316261383761613566343865393833326264386330343234333433
33373734623634353561376263653433393030646234336131313038313962306438343730313466
37396364353731353134343161656661653331643136353236393036303837396261336366353261
34663239666138336435633761613063653766333064313338643935646339383062336135353631
64623862303264393537666630386538663662303434393935353030333238613566383664323665
61323535373935363166313162396564643038353338316437353664643731653835343138643061
36316232383030663532313563353538373064346339323162643934383137316631306539396162
66373266386430643031336266636264623636313830366561633931646462306264373838663365
62326433663739663233336439336134383132393332313461613435346333663331363138303830
34383131306530306365613938346463666134393235313735363462623338393239643166346165
64366433653131613635653131316462653262333339316435643435363333363237376330323136
35633930613433636632326134613733303461333436613034336666363030633931363031636532
38336464666364356264643233366661336463353761646631633166373338643035373535326639
65653332623037303338633539386232343433663162623739356432653065613733393563623232
63336265386165373563623565376266653330333861373363623164306538323566623966346234
66343639653262633761636133666331623639373966316365623563633035616262383665656362
30366535663136383537353538643331613831383363323166643934326530356262653661376233
35336339343237653635626530343533376235623638383465666236643531393338616130333433
65623335346538613566363761353836303835303966303339363163353365313136633530383963
39623436396635303531613761313831353035643866616236343162626465383461346634326164
35626536333066623838616234303966396439363363366631316265386136373630373537383363
30636261323865626638643734316136656161356336663966353462623930316330313733643230
66366363636166653936323732393736363365323166656630303163376439653663343138353263
64623236333766333333626334623432346164366164633336663130376266626239663530386638
65306539653138656331666330366238303632323539643236376332363136333761
